0.401449168
-0.051299348
0.603891979
0.364332322
0.39181158
0.553160065
0.64723806
0.01577854
0.732969296
0.214191707
0.265763353
0.760768648
0.645193205
0.622525789
0.822140304
0.644090086
0.588715276
0.540318303
0.458245377
-0.065529862
0.266911545
0.407015352
0.721767301
0.484349728
0.90197463
0.298540678
0.317948868
0.331001374
0.997694265
0.334392551
0.690633772
0.736403157
0.717048916
0.255485585
0.705330333
0.704122256
0.840826673
0.46460225
0.873599868
0.736600113
0.056360108
0.688973061
0.607986922
0.610485401
0.303226764
0.179545047
-0.070075579
0.122833918
-0.095411415
-0.233461535
-0.121835189
0.37087932
-0.071528366
-0.12303164
0.136682849
0.332729492
-0.056879889
-0.215645075
0.289326687
-0.191055718
0.170891718
0.477206099
-0.217476812
0.129431379
-0.080011085
-0.116882964
0.227927382
-0.098122548
-0.049956352
-0.347893829
-0.310674982
-0.999939407
0.035420291
-0.497028695
0.057500171
0.1567998
0.057999197
0.2927246
-0.113556847