-0.352397622
-0.198537784
0.408409479
0.20936567
-0.167253166
0.163920473
-0.006786073
0.488775872
0.23633259
-0.559819841
0.354031036
0.309458459
0.522354412
0.368507284
0.326806904
0.125969546
0.305707359
0.433416196
0.999942083
0.163417964
0.531657357
0.495837386
-0.111491302
0.416926873
0.163565227
0.139987438
0.815110516
0.248473118
0.31608067
-0.405150693
-0.263554481
-0.175052843
-0.096473693
0.583142232
-0.651129678
0.607563977
0.483517181
0.721762743
0.49115223
-0.21644546
0.023368157
-0.505795005
-0.02004163
0.602337579
0.517209268
0.485599984
0.283312628
0.190483335
0.331731368
0.563013558
0.582766842
-0.044285727
-0.007010912
0.676989737
0.209152242
0.311890153
0.322668788
0.196172326
-0.032942773
0.251966356
-0.050528003
0.15311663
-0.626625938
-0.088290991
-0.984367129
-0.999921377
0.13364177
-0.119382035
-0.205607616
-0.506978667
-0.032618946
0.201156776
0.243176429
0.432550244
0.074160792
0.140416438
-0.238359678
0.401950757
-0.003504441
-0.105973227
-0.099613914
0.474176858
0.33937527
-0.158503416
0.165355102
0.436101085
0.039170235
-0.734343395
0.095128742
-0.006246605
-0.060983257
-0.281406582
-0.406799736
-0.061269251
0.381312847
-0.058063281
0.359553925
0.504797579
-0.022091861
-0.124197263
0.399062888
-0.260096042
0.127928965
-0.03769802
0.072540314
0.237384906
-0.466115195
-0.201442795
0.478463475