-0.594354744
-0.580506279
-0.575090107
-0.470563973
-0.522013314
-0.611587805
-0.717480496
-0.617490118
-0.635702593
-0.667896229
-0.507984153
-0.514941239
-0.752695256
-0.585991949
-0.62047213
-0.626499323
-0.664565447
-0.605765902
-0.740631154
-0.70635972
-0.594354744
-0.536518131
-0.605765902
-0.691968866
-0.844925981
-0.914064982
-0.872345431
-0.833153162
-0.913019798
-0.81929909
-0.871486343
-0.876693791
-0.924810076
-0.851846641
-0.795231797
-0.893129274
-0.869778524
-0.853415674
-0.808194083
-0.874943747
-0.864735956
-0.526793818
-0.591548928
-0.654726186
-0.632612756
-0.54899288
-0.63881494
-0.602884424
-0.492177726
-0.63881494
-0.561842442
-0.664565447
-0.583240315
-0.614528771
-0.577789616
-0.551532093
-0.531628345
-0.479078974
-0.505690034
-0.626499323
-0.561842442
-0.572407534
-0.564459344
-0.626499323
-0.575090107
-0.674636759
-0.908889785
-0.887508224
-0.913019798
-0.892182036
-0.894080757
-0.901850163
-0.901850163
-0.882032163
-0.847207906
-0.903837773
-0.950558983
-0.879346201
-0.864735956
-0.875816966
-0.906854528
-0.797640625
-0.868084329
-0.883841869
-0.846444537
-0.852629709
-0.853415674
-0.856588945
-0.792849961
-0.874943747
-0.611587805
-0.556656197
-0.674636759
-0.635702593
-0.575090107
-0.632612756
-0.63881494
-0.645108497
-0.688445698
-0.614528771
-0.531628345
-0.635702593
-0.472676898
-0.531628345
-0.556656197
-0.614528771
-0.49440036
-0.526793818
-0.835311444
-0.86308136
-0.806293223
-0.854204558
-0.866403544
-0.869778524
-0.883841869
-0.876693791
-0.864735956
-0.905844172
-0.946858277
-0.895036524
-0.901850163
-0.870630717
-0.865568113
-0.924810076
-0.898903212
-0.842668307
-0.88936542
-0.896961064
-0.910944746
-0.846444537
-0.927025959
-0.841176412
-0.906854528
-0.859000403
-0.614528771
-0.605765902
-0.498880555
-0.430357605
-0.487766788
-0.514941239
-0.402500608
-0.442028212
-0.541464458
-1
-0.479078974
-0.561842442
-0.430357605
-0.496634595
-0.623475099
-0.600022242
-0.543959238
-0.466369149
-0.345351876
-0.575090107
-0.519642944
-0.529204252
-0.695521353
-0.699103651
-0.546468654
-0.591548928
-0.588761409
-0.63881494
-0.538984145
-0.447984974
-0.481234454
-0.498880555
-0.833870156
-0.828200829
-0.812047581
-0.780206523
-0.89988099
-0.796432799
-0.789326509
-0.871486343
-0.775243387
-0.882935088
-0.869778524
-0.813347766
-0.769861349
-0.818629541
-0.761523765
-0.843418202
-0.876693791
-0.797035854
-0.81531308
-0.758983913
-0.788744904
-0.801922897
-0.890300146
-0.840434375
-0.893129274
-0.556656197
-0.517285634
-0.496634595
-0.54899288
-0.354899185
-0.452002681
-0.40430244
-0.456058439
-0.485578248
-0.464287049
-0.390095554
-0.503408148
-0.645108497
-0.51260962
-0.602884424
-0.629545105
-0.406111881
-0.274441367
-0.510290636
-0.442028212
-0.538984145
-0.801922897
-0.785860506
-0.819970755
-0.787586444
-0.871486343
-0.851846641
-0.858193538
-0.821320487
-0.778539238
-0.786434264
-0.791668976
-0.870630717
-0.820644549
-0.990116047
-0.813347766
-0.803162419
-0.835311444
-0.559241457
-0.372974612
-0.445990167
-0.699103651
-0.602884424
-0.505690034
-0.546468654
-0.63881494
-0.671253194
-0.671253194
-0.760931811
-0.691968866
-0.430357605
-0.534066251
-0.564459344
-0.474800304
-0.699103651
-0.758479563
-0.784717617
-0.846444537
-0.813347766
-0.806293223
-0.839694921
-0.81531308
-0.872345431
-0.836762577
0.162126579
0.102207808
0.152516376
0.173942708
0.13782896
0.227847427
0.267561353
0.150091433
-0.2771175
-0.167538591
-0.156248095
-0.372974612
-0.208995715
-0.258725749
-0.294931327
0.347590664
0.146436951
0.201454
0.263493369
0.190132227
0.221348895
0.140300056
0.094313481
0.372219914
0.304988585
0.273616004
-0.002595474
0.094313481
0.402575898
0.027441029
0.327563353
0.145214204
0.145214204
0.132858368
0.225688462
0.050506659
0.17159662
0.180930545
0.281602163
0.17860961
0.018575338
-0.31940125
-0.320885061
-0.243565155
-0.265204149
-0.331417987
-0.386616218
-0.187767397
-0.232535958
-0.334475521
-0.395368099
-0.239857193
-0.226528846
-0.254885119
-0.274441367
-0.177002079
-0.252343654
-0.316448937
-0.275777348
-0.143276171
-0.249817145
-0.194358463
-0.279810422
-0.384887085
-0.342216098
-0.199929319
-0.118450416
-0.260013631
-0.254885119
0.325711752
0.147657399
0.225688462
0.159737331
0.244865718
0.331250825
0.373943999
0.157339258
0.072779859
0.342189505
0.236412272
0.289491439
0.078230653
0.283583472
-0.164429838
-0.163398564
-0.12031003
-0.241089626
-0.185592651
-0.186678648
-0.161343407
-0.31940125
-0.40430244
-0.106555032
-0.261305389
-0.322374023
-0.232535958
-0.287992076
-0.434212584
-0.208995715
-0.208995715
-0.316448937
-0.256161515
-0.348510752
-0.246055038
-0.256161515
-0.220604594
0.859820412
0.764884549
0.700312126
0.911717589
0.791758271
0.819315423
0.881550044
0.776138847
0.707580398
0.192412423
0.011150476
-0.074395266
-0.077758357
-0.075233578
-0.148219164
0.019985022
-0.2771175
-0.189953205
-0.37465626
-0.3831649
0.040348673
0.651552798
0.742757307
0.643630078
0.598859476
0.879170918
0.798981587
0.816698721
0.806126073
0.732898315
0.590266729
0.610941944
0.833097282
0.707580398
0.724902714
0.704475312
0.459347689
0.6537989
0.73685976
0.810552108
0.616900374
0.591501209
0.460856196
0.615713029
0.639059299
0.769597382
0.682316738
0.507372963
0.533499905
0.633300486
0.454801108
0.525361777
0.687661112
0.522626351
0.399272046
0.227847427
0.238535963
0.251134429
0.244865718
0.147657399
0.14276178
0.234281619
-0.102066068
-0.0306348
0.179985909
0.083072706
0.11064506
0.21217719
0.082491237
0.081908982
-0.009235641
0.118744941
0.075451749
0.158087157
0.116061843
0.137585882
0.052370118
0.168222405
0.017285943
0.020657158
0.135017765
0.080742109
0.156619641
-0.086282904
-0.312058217
-0.177002079
-0.487766788
-0.249817145
-0.045254543
-0.026119298
-0.097623462
0.640204995
0.785371819
0.807013677
0.758229034
1
0.442519512
0.530798459
0.726910796
0.503150286
0.781694245
0.616900374
0.639059299
0.651552798
0.711697709
0.567637367
0.591501209
0.70135541
0.590266729
0.450222589
0.751505127
0.660491251
0.487428917
0.544195207
0.303071513
0.01456985
0.041629994
0.208716604
0.14720768
0.184603013
0.268261787
-0.049185805
0.046717522
-0.048396676
0.173437876
0.052370118
-0.010677792
0.043544861
-0.071890084
-0.090609356
-0.059578345
-0.187767397
-0.265204149
-0.364663924
-0.211292528
-0.278461849
-0.063643252
-0.073558584